10

0	129	96	122	75	159	56	39	83	71		
129	0	33	151	64	38	139	141	85	61		
96	33	0	138	41	64	113	112	59	33		
122	151	138	0	97	189	68	87	174	108		
75	64	41	97	0	101	75	78	82	12		
159	38	64	189	101	0	176	176	98	96		
56	139	113	68	75	176	0	19	126	79		
39	141	112	87	78	176	19	0	116	80		
83	85	59	174	82	98	126	116	0	69		
71	61	33	108	12	96	79	80	69	0		
